0    0             0             100           0             0             1
0.1  0             0             100.1         0             0             0.9998
0.2  0             0             100.2         0             0             0.9997
0.3  0             0             100.3         0             0             0.9995
0.4  0             0             100.4         0             0             0.9993
0.5  0             0             100.5         0             0             0.9991
0.6  0             0             100.6         0             0             0.999
0.7  0             0             100.7         0             0             0.9988
0.8  0             0             100.8         0             0             0.9986
0.9  0             0             100.9         0             0             0.9985
1    0             0             101           0             0             0.9983
1.1  0             0             101.1         0             0             0.9981
1.2  0             0             101.2         0             0             0.998
1.3  0             0             101.3         0             0             0.9978
1.4  0             0             101.4         0             0             0.9976
1.5  0             0             101.5         0             0             0.9975
1.6  0             0             101.6         0             0             0.9973
1.7  0             0             101.7         0             0             0.9971
1.8  0             0             101.8         0             0             0.997
1.9  0             0             101.9         0             0             0.9968
2    0             0             102           0             0             0.9966
2.1  0             0             102.1         0             0             0.9965
2.2  0             0             102.2         0             0             0.9963
2.3  0             0             102.3         0             0             0.9961
2.4  0             0             102.4         0             0             0.996
2.5  0             0             102.5         0             0             0.9958
2.6  0             0             102.6         0             0             0.9956
2.7  0             0             102.7         0             0             0.9955
2.8  0             0             102.8         0             0             0.9953
2.9  0             0             102.9         0             0             0.9952
3    0             0             103           0             0             0.995
3.1  0             0             103.1         0             0             0.9948
3.2  0             0             103.2         0             0             0.9947
3.3  0             0             103.3         0             0             0.9945
3.4  0             0             103.4         0             0             0.9943
3.5  0             0             103.5         0             0             0.9942
3.6  0             0             103.6         0             0             0.994
3.7  0             0             103.7         0             0             0.9939
3.8  0             0             103.8         0             0             0.9937
3.9  0             0             103.9         0             0             0.9935
4    0             0             104           0             0             0.9934
4.1  0             0             104.1         0             0             0.9932
4.2  0             0             104.2         0             0             0.9931
4.3  0             0             104.3         0             0             0.9929
4.4  0             0             104.4         0             0             0.9927
4.5  0             0             104.5         0             0             0.9926
4.6  0             0             104.6         0             0             0.9924
4.7  0             0             104.7         0             0             0.9923
4.8  0             0             104.8         0             0             0.9921
4.9  0             0             104.9         0             0             0.992
5    0             0             105           0             0             0.9918
5.1  0             0             105.1         0             0             0.9917
5.2  0             0             105.2         0             0             0.9915
5.3  0             0             105.3         0             0             0.9913
5.4  0             0             105.4         0             0             0.9912
5.5  0             0             105.5         0             0             0.991
5.6  0             0             105.6         0             0             0.9909
5.7  0             0             105.7         0             0             0.9907
5.8  0             0             105.8         0             0             0.9906
5.9  0             0             105.9         0             0             0.9904
6    0             0             106           0             0             0.9903
6.1  0             0             106.1         0             0             0.9901
6.2  0             0             106.2         0             0             0.99
6.3  0             0             106.3         0             0             0.9898
6.4  0             0             106.4         0             0             0.9896
6.5  0             0             106.5         0             0             0.9895
6.6  0             0             106.6         0             0             0.9893
6.7  0             0             106.7         0             0             0.9892
6.8  0             0             106.8         0             0             0.989
6.9  0             0             106.9         0             0             0.9889
7    0             0             107           0             0             0.9887
7.1  0             0             107.1         0             0             0.9886
7.2  0             0             107.2         0             0             0.9884
7.3  0             0             107.3         0             0             0.9883
7.4  0             0             107.4         0             0             0.9881
7.5  0             0             107.5         0             0             0.988
7.6  0             0             107.6         0             0             0.9878
7.7  0             0             107.7         0             0             0.9877
7.8  0             0             107.8         0             0             0.9875
7.9  0             0             107.8         0             0             0.9874
8    0             0             107.9         0             0             0.9873
8.1  0             0             108           0             0             0.9871
8.2  0             0             108.1         0             0             0.987
8.3  0             0             108.2         0             0             0.9868
8.4  0             0             108.3         0             0             0.9867
8.5  0             0             108.4         0             0             0.9865
8.6  0             0             108.5         0             0             0.9864
8.7  0             0             108.6         0             0             0.9862
8.8  0             0             108.7         0             0             0.9861
8.9  0             0             108.8         0             0             0.9859
9    0             0             108.9         0             0             0.9858
9.1  0             0             109           0             0             0.9856
9.2  0             0             109.1         0             0             0.9855
9.3  0             0             109.2         0             0             0.9854
9.4  0             0             109.3         0             0             0.9852
9.5  0             0             109.4         0             0             0.9851
9.6  0             0             109.5         0             0             0.9849
9.7  0             0             109.6         0             0             0.9848
9.8  0             0             109.7         0             0             0.9846
9.9  0             0             109.8         0             0             0.9845
